name            attack_score    key_passes  chances_created total_shots shot_accuracy   shots_inside_box    points  price

Wilson          14.79           0.54        0.54            1.31        0.73            1.15                3.5     6.5
Gray            25.74           0.63        0.83            2.66        0.51            2.05                4.3     6.5
Negredo         10.02           0.44        0.52            1.56        0.38            1.20                3.3     6.5
Long            16.82           1.00        1.14            2.29        0.42            1.86                3.9     6.5
Berahino        7.33            0.58        0.58            1.13        0.44            0.97                2.2     6.5
Rondon          12.18           0.76        0.82            2.09        0.39            1.56                3.4     6.5
Carroll         17.42           0.67        0.74            2.07        0.57            1.63                3.3     6.5
Afobe           6.81            0.80        0.80            0.93        0.42            0.87                3.1     6.0
Vokes           16.44           0.81        0.91            2.28        0.44            1.60                3.6     6.0
Wickham         11.80           0.43        0.57            1.62        0.32            1.24                3.3     6.0
Hernandez       26.75           1.10        1.15            3.24        0.56            2.29                4.1     6.0
Ulloa           8.00            0.41        0.48            1.17        0.34            1.03                2.6     6.0
Okazaki         4.65            0.53        0.53            1.28        0.35            1.11                2.4     6.0
Ings            15.15           0.83        0.83            1.67        0.71            1.17                3.5     6.0
Rhodes          20.95           0.50        0.62            3.06        0.60            2.81                3.8     6.0
Diouf           9.61            0.35        0.38            1.15        0.67            1.04                2.6     6.0
Sakho           10.63           0.62        0.67            2.29        0.47            1.95                3.4     6.0
Joselu          11.20           0.41        0.45            1.32        0.64            0.77                2.5     5.5
Borini          10.13           0.62        0.69            1.85        0.45            1.19                3.0     5.5
Valencia        11.73           0.53        0.63            1.79        0.48            1.11                2.9     5.5
