name            attack_score    key_passes  chances_created total_shots shot_accuracy   shots_inside_box    points  price

Costa           20.51           0.86        1.07            2.43        0.56            2.14                4.6     9.5
Giroud          20.29           0.79        0.95            2.66        0.54            2.50                4.1     9.0
Batshuayi       28.22           0.50        0.75            3.39        0.56            2.53                4.8     9.0
Lukaku          29.73           1.22        1.38            3.19        0.56            2.41                5.0     9.0
Rooney          22.29           1.29        1.50            2.57        0.48            1.00                4.2     9.0
Janssen         37.18           1.53        1.65            4.44        0.55            3.41                6.0     8.0
Welbeck         21.88           0.45        0.64            1.82        0.69            1.64                4.4     7.5
Musa            20.04           0.95        1.00            2.60        0.48            1.20                4.1     7.5
Benteke         15.72           0.93        1.03            2.10        0.44            1.86                3.6     7.5
Bony            13.70           0.38        0.50            2.31        0.43            1.81                2.4     7.5
Ighalo          22.97           0.92        1.00            2.95        0.56            2.54                4.7     7.5
Origi           18.93           0.50        0.56            1.50        0.71            1.00                3.0     7.0
Iheanacho       14.52           0.50        0.54            1.08        0.57            0.58                3.1     7.0
Rashford        20.20           0.36        0.56            1.45        0.89            1.18                5.0     7.0
Defoe           24.98           0.61        0.64            2.58        0.66            1.85                4.2     7.0
Deeney          20.57           1.29        1.47            2.47        0.53            1.55                4.4     7.0
