name            attack_score    key_passes  chances_created total_shots shot_accuracy   shots_inside_box    points  price

Sanchez         36.81           1.93        2.07            3.57        0.54            2.30                5.6     11.0
DeBruyne        25.79           2.88        3.24            1.96        0.64            0.88                5.2     10.5
Hazard          34.69           2.37        2.61            2.05        0.59            1.29                6.1     10.0
Ozil            21.93           3.57        4.11            1.34        0.67            0.89                5.7     9.5
Mahrez          32.52           1.51        1.81            2.32        0.64            1.30                6.5     9.5
Martial         19.41           1.06        1.19            1.84        0.56            1.45                4.5     9.5
Mkhitaryan      29.66           2.16        2.65            2.61        0.48            1.48                6.1     9.5
Payet           27.91           3.47        3.87            2.30        0.55            0.77                5.7     9.5
Mane            20.69           0.95        1.11            2.32        0.52            1.78                4.3     9.0
Silva           17.26           2.29        2.75            1.21        0.22            0.58                4.0     9.0
Nolito          24.63           1.83        2.07            2.79        0.52            1.62                5.5     9.0
Firmino         22.31           1.32        1.55            2.03        0.54            1.26                5.0     8.5
Pogba           26.97           1.20        1.54            3.54        0.37            1.20                5.2     8.5
Eriksen         23.83           2.89        3.26            2.86        0.55            0.86                5.1     8.5
Alli            21.99           1.39        1.67            2.24        0.60            1.18                5.0     8.5
