name            attack_score    key_passes  chances_created total_shots shot_accuracy   shots_inside_box    points  price

Ramsey          16.74           1.06        1.19            2.23        0.46            1.39                3.8     8.0
Coutinho        34.20           1.69        1.88            4.27        0.44            1.62                5.0     8.0
Wijnaldum       17.22           1.13        1.26            1.42        0.71            1.11                4.5     8.0
Sterling        14.05           1.06        1.13            1.68        0.61            1.23                3.1     8.0
Yaya Toure      23.49           1.22        1.37            2.41        0.46            0.91                4.0     8.0
Sane            17.61           0.67        0.85            2.06        0.56            1.18                3.8     8.0
Walcott         11.38           0.54        0.61            1.61        0.59            1.32                3.0     7.5
Cazorla         27.58           1.81        2.11            2.51        0.57            1.03                4.5     7.5
Fabregas        20.12           2.21        2.74            1.26        0.63            0.50                4.9     7.5
Oscar           20.12           1.04        1.32            2.57        0.51            1.29                4.5     7.5
Willian         19.10           2.14        2.31            1.71        0.49            0.71                3.9     7.5
Pedro           18.10           1.38        1.45            1.97        0.43            1.21                3.9     7.5
Barkley         27.46           1.24        1.45            2.50        0.51            1.03                4.2     7.5
Mata            15.16           1.26        1.39            1.50        0.58            0.92                3.8     7.5
Depay           9.30            0.41        0.41            1.97        0.44            0.72                2.1     7.5
Tadic           19.62           1.79        2.15            1.68        0.43            1.00                4.6     7.5
Arnautovic      18.29           1.26        1.44            2.06        0.38            1.21                4.9     7.5
Sigurdsson      22.20           1.50        1.56            2.44        0.57            0.92                4.4     7.5
Son             10.74           0.61        0.64            1.36        0.52            0.75                2.5     7.5
Ayew            16.01           0.62        0.68            1.97        0.50            1.38                5.0     7.5
Cuadrado        17.30           1.39        1.57            1.29        0.41            0.68                3.9     7.0
Lallana         15.69           1.43        1.63            1.47        0.52            0.90                3.6     7.0
Lamela          16.01           1.94        2.21            1.71        0.54            1.38                3.6     7.0
Antonio         18.69           0.81        0.92            2.08        0.47            1.31                4.8     7.0
Townsend        16.30           1.84        2.00            1.84        0.74            1.23                4.0     6.5
Mirallas        16.21           0.70        0.78            1.78        0.64            0.96                2.6     6.5
Deulofeu        9.97            1.00        1.31            0.35        0.86            0.27                3.2     6.5
Henderson       14.31           0.88        1.06            1.53        0.40            0.47                3.4     6.5
Milner          17.03           1.79        2.18            1.39        0.46            0.68                4.4     6.5
Navas           9.62            1.35        1.56            0.91        0.40            0.71                2.9     6.5
Herrera         9.93            0.70        0.78            0.89        0.46            0.33                2.7     6.5
Shaqiri         9.31            1.63        1.85            1.48        0.32            0.63                3.6     6.5
Khazri          14.89           1.93        2.00            1.71        0.42            0.29                3.4     6.5
Chadli          5.29            0.76        0.83            0.86        0.37            0.59                2.2     6.5
Noble           11.08           1.24        1.35            0.92        0.44            0.32                3.6     6.5
Lanzini         19.92           1.19        1.27            1.85        0.34            0.65                3.8     6.5
